Shadow Comparison Synthetic Bars
1
-206.873 -51.0699 557.011
-0.346883 -0.0856335 0.933991
-0.0298143 0.996327 0.0802758
0.937434 -0 0.348162
20
Shadow Comparison Engine
1
135.615 1053.22 -1715.47
0.0672175 0.52203 -0.850274
-0.108586 -0.843312 -0.52634
0.991812 -0.127707 0
5
Result Engine
1
135.615 1053.22 -1715.47
0.0672175 0.52203 -0.850274
-0.108586 -0.843312 -0.52634
0.991812 -0.127707 0.00
5
Result Backpack
1
154.443 -705.839 -70.8097
0.212732 -0.972231 -0.097534
0.020848 -0.0952798 0.995232
0.976888 0.213751 -0
5
Result CT-Knee
1
769.595 -603.05 592.032
0.673312 -0.527603 0.517963
-0.407704 0.319474 0.855403
0.616789 0.787128 -0
5
Result Bonsai
1
-45.5841 1367.85 -181.179
-0.0330187 0.990801 -0.131237
0.241748 0.135327 0.960856
-0.969777 0 0.243993
5
Result Piggy Bank
1
569.793 -1890.5 365.281
0.283761 -0.941481 0.181913
-0.792595 -0.337065 -0.508114
-0.539697 0 0.84186
5
Result Bonsai1
1
-554.765 -1465.8 405.998
-0.342659 -0.905372 0.250771
0.730617 -0.424619 -0.534694
-0.590579 -0 -0.80698
5
Result VisMale
1
-360.379 -276.847 195.097
-0.7287 -0.559795 0.394494
-0.312839 -0.240327 -0.918899
-0.609202 0.793015 0
5.0
Result Foot
1
-85.9648 -119.622 396.522
-0.203226 -0.282794 0.937404
0.0599169 -0.959181 -0.276374
-0.977297 -0 -0.211875
20
Xmas Tree
1
158.738 -424.979 2247.68
0.0692269 -0.185337 0.980234
-0.342991 0.918268 0.197844
0.936784 0.349907 -0
20
Zurich Flower
1
-1174.94 -599.634 904.386
-0.734632 -0.37492 0.565465
0.503665 0.257046 0.824772
0.454574 -0.890709 0
20
Zurich Bechnut
1
-219.247 1675.37 1693.66
-0.0916447 0.700298 0.707944
-0.0918621 0.701959 -0.706269
0.991546 0.129759 0
20